name	A	L	R	K	N	M	D	F	C	P	Q	S	E	T	G	W	H	Y	I	V
115	-0.5	-1.8	3.0	3.0	0.2	-1.3	3.0	-2.5	-1.0	0.0	0.2	0.3	3.0	-0.4	0.0	-3.4	-0.5	-2.3	-1.8	-1.5
153	-0.5	-1.8	3.0	3.0	0.2	-1.3	2.5	-2.5	-1.0	-1.4	0.2	0.3	2.5	-0.4	0.0	-3.4	-0.5	-2.3	-1.8	-1.5
525	0.39	1.82	-3.95	-2.77	-1.91	0.96	-3.81	2.27	0.25	0	-1.30	-1.24	-2.91	-1	0	2.13	-0.64	1.47	1.82	1.30
526	0.18	0.41	-5.40	-2.53	-1.30	0.44	-2.36	0.50	0.27	-0.20	-1.22	-0.40	-2.10	-0.34	0.09	-0.01	-1.48	-0.08	0.37	0.32
499	-0.17	-0.28	0.37	0.32	0.18	-0.26	0.37	-0.41	-0.06	0.13	0.26	0.05	0.15	0.02	0.01	-0.15	-0.02	-0.09	-0.28	-0.17
88	0	0	1	1	0	0	0	0	0	0	0	0	0	0	0	0	1	0	0	0
543	-1.6	-2.8	12.3	8.8	4.8	-3.4	9.2	-3.7	-2.0	0.2	4.1	-0.6	8.2	-1.2	-1.0	-1.9	3.0	0.7	-3.1	-2.6
68	0.25	0.53	-1.76	-1.10	-0.64	0.26	-0.72	0.61	0.04	-0.07	-0.69	-0.26	-0.62	-0.18	0.16	0.37	-0.40	0.02	0.73	0.54
252	-6.70	-11.70	51.50	36.80	20.10	-14.20	38.50	-15.50	-8.40	0.80	17.20	-2.50	34.30	-5	-4.20	-7.90	12.60	2.90	-13	-10.90
522	-0.31	-0.53	1.30	1.79	0.49	-0.38	0.58	-0.45	-0.87	0.34	0.70	0.10	0.68	0.21	-0.33	-0.27	0.13	0.40	-0.66	-0.62
